board_airplane 5000 0.009200 9143 0.001750
direct_airplane 5000 0.013000 9150 0.002951
exit_airplane 5000 0.004200 9145 0.000875
fly_airplane 5000 0.030200 9147 0.006013
inspect_airplane 5000 0.019800 9126 0.003068
load_airplane 5000 0.007600 9146 0.001312
ride_airplane 5000 0.041800 9136 0.006349
sit_on_airplane 5000 0.043200 9147 0.005904
wash_airplane 5000 0.000400 9155 0.000655
watch_airplane 5000 0.044400 9141 0.006345
no_interaction_airplane 5000 0.013000 9155 0.001966
carry_bicycle 5000 0.003400 9064 0.001103
hold_bicycle 5000 0.217600 9024 0.029145
inspect_bicycle 5000 0.017400 9137 0.003174
jump_bicycle 5000 0.022000 9149 0.004372
hop_on_bicycle 5000 0.007200 9102 0.001758
park_bicycle 5000 0.018400 9069 0.003529
push_bicycle 5000 0.012000 9145 0.003280
repair_bicycle 5000 0.012400 9138 0.001970
ride_bicycle 5000 0.237400 9113 0.029628
sit_on_bicycle 5000 0.187400 9087 0.027842
straddle_bicycle 5000 0.242800 9121 0.031137
walk_bicycle 5000 0.025200 9145 0.004374
wash_bicycle 5000 0.000200 9151 0.000546
no_interaction_bicycle 5000 0.028200 9155 0.003605
chase_bird 5000 0.001200 9154 0.000546
feed_bird 5000 0.013400 9148 0.001858
hold_bird 5000 0.016200 9149 0.002077
pet_bird 5000 0.000400 9149 0.000547
release_bird 5000 0.001400 9149 0.000547
watch_bird 5000 0.018800 9145 0.002296
no_interaction_bird 5000 0.002200 9155 0.000546
board_boat 5000 0.002200 9150 0.000656
drive_boat 5000 0.091800 9114 0.016568
exit_boat 5000 0.004000 9150 0.000874
inspect_boat 5000 0.007200 9137 0.002189
jump_boat 5000 0.000200 9147 0.000656
launch_boat 5000 0.005200 9029 0.000775
repair_boat 5000 0.003200 9150 0.000984
ride_boat 5000 0.218000 9130 0.029135
row_boat 5000 0.048400 9111 0.010537
sail_boat 5000 0.026800 9065 0.006178
sit_on_boat 5000 0.152400 9100 0.022857
tie_boat 5000 0.002000 9147 0.000765
wash_boat 5000 0.000400 9153 0.000546
watch_boat 5000 0.033000 9120 0.006689
no_interaction_boat 5000 0.013800 9155 0.002403
carry_bottle 5000 0.009800 9126 0.002082
drink_with_bottle 5000 0.026800 9112 0.004829
hold_bottle 5000 0.073600 9151 0.009398
inspect_bottle 5000 0.002200 9151 0.000765
lick_bottle 5000 0.001400 9133 0.000657
open_bottle 5000 0.002000 9154 0.000765
pour_bottle 5000 0.003800 9108 0.000549
no_interaction_bottle 5000 0.032200 9155 0.004697
board_bus 5000 0.017800 9139 0.003173
direct_bus 5000 0.001000 9151 0.000765
drive_bus 5000 0.089000 9115 0.013494
exit_bus 5000 0.003000 9152 0.000983
inspect_bus 5000 0.003600 9150 0.000874
load_bus 5000 0.002800 9068 0.000772
ride_bus 5000 0.146600 9140 0.019256
sit_on_bus 5000 0.065800 9083 0.012661
wash_bus 5000 0.001000 9152 0.000546
wave_bus 5000 0.000200 9155 0.000546
no_interaction_bus 5000 0.018200 9155 0.002185
board_car 5000 0.004200 9144 0.000766
direct_car 5000 0.000200 9112 0.000549
drive_car 5000 0.066200 9146 0.009731
hose_car 5000 0.009000 9147 0.001749
inspect_car 5000 0.009800 9106 0.001537
jump_car 5000 0.000200 9122 0.000548
load_car 5000 0.003000 9112 0.000549
park_car 5000 0.005600 9129 0.001205
ride_car 5000 0.082800 9137 0.009741
wash_car 5000 0.023400 9142 0.002844
no_interaction_car 5000 0.052000 9155 0.006226
dry_cat 5000 0.000200 9144 0.000547
feed_cat 5000 0.000200 9142 0.000547
hold_cat 5000 0.027000 9135 0.003175
hug_cat 5000 0.012200 9135 0.001642
kiss_cat 5000 0.000800 9142 0.000547
pet_cat 5000 0.009600 9131 0.001643
scratch_cat 5000 0.004600 9140 0.001094
wash_cat 5000 0.000400 9145 0.000547
chase_cat 5000 0.000600 9104 0.000549
no_interaction_cat 5000 0.005000 9155 0.000546
carry_chair 5000 0.006000 9111 0.000988
hold_chair 5000 0.016600 9086 0.003302
lie_on_chair 5000 0.010600 9141 0.002626
sit_on_chair 5000 0.171000 9152 0.020760
no_interaction_chair 5000 0.011400 9155 0.001638
carry_couch 5000 0.002600 9154 0.000655
lie_on_couch 5000 0.040600 9151 0.005464
sit_on_couch 5000 0.108000 9153 0.013329
no_interaction_couch 5000 0.005400 9155 0.000655
feed_cow 5000 0.001400 9155 0.000655
herd_cow 5000 0.010400 9154 0.001202
hold_cow 5000 0.012600 9146 0.001421
hug_cow 5000 0.001000 9155 0.000546
jump_cow 5000 0.000200 9152 0.000546
kiss_cow 5000 0.001000 9136 0.000547
lasso_cow 5000 0.005400 9129 0.000657
milk_cow 5000 0.004800 9154 0.000546
pet_cow 5000 0.008000 9154 0.000874
ride_cow 5000 0.001200 9151 0.000656
walk_cow 5000 0.009200 9154 0.001311
no_interaction_cow 5000 0.015600 9155 0.001966
clean_dining_table 5000 0.000400 9155 0.000546
eat_at_dining_table 5000 0.123000 9146 0.019462
sit_at_dining_table 5000 0.160600 9149 0.021314
no_interaction_dining_table 5000 0.006000 9155 0.001202
carry_dog 5000 0.017200 9147 0.002624
dry_dog 5000 0.000200 9147 0.000547
feed_dog 5000 0.000600 9146 0.000547
groom_dog 5000 0.000600 9142 0.000547
hold_dog 5000 0.051400 9119 0.006799
hose_dog 5000 0.003200 9146 0.000547
hug_dog 5000 0.030400 9132 0.004490
inspect_dog 5000 0.000600 9146 0.000656
kiss_dog 5000 0.002400 9144 0.000656
pet_dog 5000 0.012400 9128 0.001972
run_dog 5000 0.000600 9150 0.000546
scratch_dog 5000 0.009000 9121 0.001316
straddle_dog 5000 0.001600 9140 0.000875
train_dog 5000 0.002800 9144 0.000656
walk_dog 5000 0.017000 9144 0.002297
wash_dog 5000 0.003800 9148 0.000547
chase_dog 5000 0.000400 9048 0.000553
no_interaction_dog 5000 0.009800 9155 0.001202
feed_horse 5000 0.003200 9150 0.000546
groom_horse 5000 0.005400 9149 0.000874
hold_horse 5000 0.102400 9108 0.019653
hug_horse 5000 0.004400 9149 0.000984
jump_horse 5000 0.024600 9145 0.006124
kiss_horse 5000 0.001800 9150 0.000874
lasso_horse 5000 0.003000 9141 0.000766
load_horse 5000 0.000200 9154 0.000546
hop_on_horse 5000 0.001800 9151 0.000656
pet_horse 5000 0.011600 9149 0.001749
race_horse 5000 0.017200 9098 0.004836
ride_horse 5000 0.186800 9142 0.028878
run_horse 5000 0.054400 9107 0.012079
straddle_horse 5000 0.146600 9093 0.023645
train_horse 5000 0.061600 9063 0.013351
walk_horse 5000 0.011800 9148 0.003389
wash_horse 5000 0.003800 9148 0.000765
no_interaction_horse 5000 0.002800 9155 0.000546
hold_motorcycle 5000 0.133000 9037 0.025230
inspect_motorcycle 5000 0.007200 9008 0.001332
jump_motorcycle 5000 0.021000 9077 0.004186
hop_on_motorcycle 5000 0.002800 9151 0.000765
park_motorcycle 5000 0.012600 9061 0.003532
push_motorcycle 5000 0.001600 9152 0.000765
race_motorcycle 5000 0.059600 9076 0.012340
ride_motorcycle 5000 0.170200 9110 0.028979
sit_on_motorcycle 5000 0.219200 9123 0.031897
straddle_motorcycle 5000 0.200600 9105 0.030203
turn_motorcycle 5000 0.038200 9142 0.009517
walk_motorcycle 5000 0.001400 9153 0.000765
wash_motorcycle 5000 0.000600 9150 0.000546
no_interaction_motorcycle 5000 0.022000 9155 0.003277
carry_person 5000 0.014800 9129 0.003943
greet_person 5000 0.039600 9102 0.006592
hold_person 5000 0.090000 9108 0.011419
hug_person 5000 0.047000 9126 0.008328
kiss_person 5000 0.011000 9140 0.002845
stab_person 5000 0.001200 9141 0.000547
tag_person 5000 0.000200 9150 0.000546
teach_person 5000 0.009600 9143 0.001312
lick_person 5000 0.000400 8983 0.000557
no_interaction_person 5000 0.040400 9155 0.005680
carry_potted_plant 5000 0.001800 9150 0.000546
hold_potted_plant 5000 0.001600 9150 0.000546
hose_potted_plant 5000 0.001200 9150 0.000546
no_interaction_potted_plant 5000 0.006400 9155 0.000765
carry_sheep 5000 0.004000 9148 0.000547
feed_sheep 5000 0.008200 9148 0.000875
herd_sheep 5000 0.007000 9132 0.000986
hold_sheep 5000 0.025600 9127 0.003177
hug_sheep 5000 0.005400 9139 0.000766
kiss_sheep 5000 0.000200 9150 0.000546
pet_sheep 5000 0.002600 9111 0.000549
ride_sheep 5000 0.000200 9149 0.000547
shear_sheep 5000 0.019400 9147 0.002405
walk_sheep 5000 0.007600 9143 0.000875
wash_sheep 5000 0.000200 9151 0.000546
no_interaction_sheep 5000 0.013200 9155 0.001638
board_train 5000 0.009000 9119 0.001864
drive_train 5000 0.010800 9149 0.002186
exit_train 5000 0.000200 9149 0.000547
load_train 5000 0.000800 9150 0.000546
ride_train 5000 0.046800 9137 0.005801
sit_on_train 5000 0.022200 9147 0.003389
wash_train 5000 0.000600 9141 0.000547
watch_train 5000 0.021600 9104 0.002856
no_interaction_train 5000 0.024200 9155 0.002731
control_tv 5000 0.002600 9147 0.000875
repair_tv 5000 0.000600 9155 0.000655
watch_tv 5000 0.022000 9152 0.002513
no_interaction_tv 5000 0.011000 9155 0.001311
buy_apple 5000 0.000600 9147 0.000547
cut_apple 5000 0.003400 9147 0.000875
eat_apple 5000 0.007600 9140 0.001422
hold_apple 5000 0.037000 9144 0.004374
inspect_apple 5000 0.003800 9118 0.000987
peel_apple 5000 0.004600 9146 0.000656
pick_apple 5000 0.004400 9136 0.000657
smell_apple 5000 0.000200 9146 0.000547
wash_apple 5000 0.000200 9100 0.000549
no_interaction_apple 5000 0.002800 9155 0.000546
carry_backpack 5000 0.145600 9152 0.020214
hold_backpack 5000 0.006600 9075 0.001543
inspect_backpack 5000 0.003400 9116 0.000548
open_backpack 5000 0.002000 9154 0.000655
wear_backpack 5000 0.160800 9149 0.019128
no_interaction_backpack 5000 0.014400 9155 0.001638
buy_banana 5000 0.001600 9147 0.000656
carry_banana 5000 0.022200 9136 0.002846
cut_banana 5000 0.000800 9152 0.000656
eat_banana 5000 0.020400 9152 0.002841
hold_banana 5000 0.052200 9144 0.006562
inspect_banana 5000 0.017600 9141 0.003720
peel_banana 5000 0.001600 9142 0.000547
pick_banana 5000 0.003600 9145 0.000656
smell_banana 5000 0.000200 9154 0.000546
no_interaction_banana 5000 0.017200 9155 0.002294
break_baseball_bat 5000 0.008000 9152 0.001420
carry_baseball_bat 5000 0.041600 9115 0.008118
hold_baseball_bat 5000 0.123000 9152 0.015625
swing_baseball_bat 5000 0.056400 9103 0.009557
throw_baseball_bat 5000 0.000400 9144 0.000547
wield_baseball_bat 5000 0.106800 9140 0.014551
no_interaction_baseball_bat 5000 0.000200 9155 0.000546
hold_baseball_glove 5000 0.031200 9150 0.004481
repair_baseball_glove 5000 0.000200 9155 0.000546
wear_baseball_glove 5000 0.032000 9148 0.004045
no_interaction_baseball_glove 5000 0.000200 9155 0.000546
feed_bear 5000 0.003400 9155 0.000655
hunt_bear 5000 0.005200 9155 0.000765
watch_bear 5000 0.012000 9154 0.001311
no_interaction_bear 5000 0.000400 9155 0.000546
clean_bed 5000 0.000200 9155 0.000546
lie_on_bed 5000 0.056800 9150 0.006776
sit_on_bed 5000 0.025000 9149 0.003279
no_interaction_bed 5000 0.006200 9155 0.000655
inspect_bench 5000 0.002000 9104 0.000769
lie_on_bench 5000 0.017200 9150 0.002295
sit_on_bench 5000 0.240600 9154 0.028621
no_interaction_bench 5000 0.014600 9155 0.001748
carry_book 5000 0.007600 9041 0.001880
hold_book 5000 0.132400 9143 0.017609
open_book 5000 0.103000 9145 0.016730
read_book 5000 0.120000 9147 0.016617
no_interaction_book 5000 0.008600 9155 0.001420
hold_bowl 5000 0.010400 9149 0.001530
stir_bowl 5000 0.004800 9149 0.000547
wash_bowl 5000 0.000400 9149 0.000765
lick_bowl 5000 0.000200 9137 0.000547
no_interaction_bowl 5000 0.002800 9155 0.000655
cut_broccoli 5000 0.000800 9142 0.000547
eat_broccoli 5000 0.006000 9137 0.000876
hold_broccoli 5000 0.007600 9136 0.000985
smell_broccoli 5000 0.000400 9139 0.000547
stir_broccoli 5000 0.000200 9141 0.000547
wash_broccoli 5000 0.000200 9132 0.000548
no_interaction_broccoli 5000 0.002600 9155 0.000546
blow_cake 5000 0.056000 9148 0.007324
carry_cake 5000 0.017200 9145 0.003171
cut_cake 5000 0.037800 9150 0.004809
eat_cake 5000 0.010800 9154 0.001748
hold_cake 5000 0.023600 9152 0.003934
light_cake 5000 0.004200 9154 0.000655
make_cake 5000 0.001000 9154 0.000765
pick_up_cake 5000 0.008600 9143 0.002078
no_interaction_cake 5000 0.003400 9155 0.000546
carry_carrot 5000 0.010000 9131 0.001752
cook_carrot 5000 0.000600 9148 0.000547
cut_carrot 5000 0.004400 9146 0.000765
eat_carrot 5000 0.006800 9147 0.001203
hold_carrot 5000 0.029600 9143 0.003500
peel_carrot 5000 0.004200 9146 0.000765
smell_carrot 5000 0.000200 9151 0.000546
stir_carrot 5000 0.000200 9151 0.000546
wash_carrot 5000 0.000600 9148 0.000547
no_interaction_carrot 5000 0.004000 9155 0.000546
carry_cell_phone 5000 0.031400 9118 0.006251
hold_cell_phone 5000 0.095400 9145 0.012356
read_cell_phone 5000 0.030600 9141 0.005142
repair_cell_phone 5000 0.000200 9155 0.000546
talk_on_cell_phone 5000 0.044600 9146 0.006123
text_on_cell_phone 5000 0.021600 9141 0.005032
no_interaction_cell_phone 5000 0.000200 9155 0.000546
check_clock 5000 0.003600 9148 0.000547
hold_clock 5000 0.004800 9153 0.000656
repair_clock 5000 0.000800 9155 0.000655
set_clock 5000 0.001600 9154 0.000655
no_interaction_clock 5000 0.026200 9155 0.003277
carry_cup 5000 0.023400 9141 0.004048
drink_with_cup 5000 0.020200 9102 0.003955
hold_cup 5000 0.053800 9139 0.007550
inspect_cup 5000 0.002400 9138 0.000766
pour_cup 5000 0.011600 9133 0.002518
sip_cup 5000 0.013600 9139 0.003173
smell_cup 5000 0.004000 9145 0.001093
fill_cup 5000 0.000400 9069 0.000551
wash_cup 5000 0.000200 9069 0.000551
no_interaction_cup 5000 0.006400 9155 0.000874
buy_donut 5000 0.001600 9137 0.000547
carry_donut 5000 0.005000 9115 0.000987
eat_donut 5000 0.018600 9144 0.003609
hold_donut 5000 0.039400 9148 0.005247
make_donut 5000 0.004200 9151 0.000656
pick_up_donut 5000 0.009400 9130 0.001752
smell_donut 5000 0.000200 9154 0.000546
no_interaction_donut 5000 0.005800 9155 0.000874
feed_elephant 5000 0.006200 9150 0.000984
hold_elephant 5000 0.016400 9140 0.003939
hose_elephant 5000 0.000400 9152 0.000656
hug_elephant 5000 0.002200 9154 0.001092
kiss_elephant 5000 0.000400 9155 0.000546
hop_on_elephant 5000 0.007000 9134 0.001314
pet_elephant 5000 0.011600 9112 0.002414
ride_elephant 5000 0.041000 9154 0.005899
walk_elephant 5000 0.021000 9122 0.003289
wash_elephant 5000 0.005000 9152 0.001202
watch_elephant 5000 0.065800 9133 0.008540
no_interaction_elephant 5000 0.000200 9155 0.000546
hug_fire_hydrant 5000 0.000200 9155 0.000546
inspect_fire_hydrant 5000 0.003400 9148 0.000875
open_fire_hydrant 5000 0.001800 9152 0.000546
paint_fire_hydrant 5000 0.001400 9153 0.000546
no_interaction_fire_hydrant 5000 0.021400 9155 0.002403
hold_fork 5000 0.022000 9145 0.003280
lift_fork 5000 0.017200 9143 0.002844
stick_fork 5000 0.008600 9144 0.001859
lick_fork 5000 0.000200 9120 0.000548
wash_fork 5000 0.000200 9120 0.000548
no_interaction_fork 5000 0.003200 9155 0.000655
block_frisbee 5000 0.032400 9143 0.006891
catch_frisbee 5000 0.047800 9143 0.008203
hold_frisbee 5000 0.077000 9150 0.010929
spin_frisbee 5000 0.013000 9154 0.002840
throw_frisbee 5000 0.040000 9140 0.006455
no_interaction_frisbee 5000 0.007000 9155 0.000765
feed_giraffe 5000 0.027000 9149 0.004481
kiss_giraffe 5000 0.002400 9150 0.000546
pet_giraffe 5000 0.004400 9141 0.000656
ride_giraffe 5000 0.000200 9155 0.000546
watch_giraffe 5000 0.043000 9145 0.005577
no_interaction_giraffe 5000 0.005200 9155 0.000983
hold_hair_drier 5000 0.009200 9150 0.001202
operate_hair_drier 5000 0.009800 9150 0.001093
repair_hair_drier 5000 0.000200 9155 0.000546
no_interaction_hair_drier 5000 0.000200 9155 0.000546
carry_handbag 5000 0.010000 9140 0.001969
hold_handbag 5000 0.022200 9146 0.002515
inspect_handbag 5000 0.000800 9154 0.000655
no_interaction_handbag 5000 0.004000 9155 0.000546
carry_hot_dog 5000 0.021400 9135 0.002956
cook_hot_dog 5000 0.012600 9150 0.001749
cut_hot_dog 5000 0.000200 9154 0.000546
eat_hot_dog 5000 0.016200 9150 0.003060
hold_hot_dog 5000 0.035200 9150 0.004044
make_hot_dog 5000 0.005200 9143 0.001094
smell_hot_dog 5000 0.010000 9153 0.001967
no_interaction_hot_dog 5000 0.003000 9155 0.000546
carry_keyboard 5000 0.008800 9155 0.001420
clean_keyboard 5000 0.000600 9154 0.000546
hold_keyboard 5000 0.009600 9141 0.001203
type_on_keyboard 5000 0.040000 9153 0.004916
no_interaction_keyboard 5000 0.008600 9155 0.001202
assemble_kite 5000 0.007000 9149 0.001967
carry_kite 5000 0.027000 9066 0.005625
fly_kite 5000 0.100400 9111 0.013281
hold_kite 5000 0.071600 9104 0.011424
inspect_kite 5000 0.015400 9143 0.003281
launch_kite 5000 0.053800 9117 0.011188
pick_up_kite 5000 0.030400 9108 0.005929
pull_kite 5000 0.067200 9105 0.011642
no_interaction_kite 5000 0.007600 9155 0.000983
cut_with_knife 5000 0.038400 9135 0.008320
hold_knife 5000 0.100200 9143 0.015969
stick_knife 5000 0.030600 9109 0.007355
wash_knife 5000 0.000200 9148 0.000547
wield_knife 5000 0.103400 9130 0.014786
lick_knife 5000 0.000400 8997 0.000556
no_interaction_knife 5000 0.003800 9155 0.000765
hold_laptop 5000 0.038600 9108 0.007137
open_laptop 5000 0.005600 9110 0.001866
read_laptop 5000 0.094000 9138 0.012366
repair_laptop 5000 0.002600 9153 0.000765
type_on_laptop 5000 0.040600 9115 0.007460
no_interaction_laptop 5000 0.007400 9155 0.000874
clean_microwave 5000 0.000200 9154 0.000546
open_microwave 5000 0.001200 9150 0.000656
operate_microwave 5000 0.001400 9149 0.000547
no_interaction_microwave 5000 0.003000 9155 0.000546
control_mouse 5000 0.008000 9151 0.001093
hold_mouse 5000 0.009200 9150 0.001093
repair_mouse 5000 0.000200 9155 0.000546
no_interaction_mouse 5000 0.003800 9155 0.000655
buy_orange 5000 0.000200 9143 0.000547
cut_orange 5000 0.000200 9141 0.000547
eat_orange 5000 0.000200 9144 0.000547
hold_orange 5000 0.005600 9136 0.001313
inspect_orange 5000 0.000200 9127 0.000548
peel_orange 5000 0.000200 9135 0.000547
pick_orange 5000 0.001000 9139 0.000547
squeeze_orange 5000 0.001400 9140 0.000547
wash_orange 5000 0.000200 9124 0.000548
no_interaction_orange 5000 0.001400 9155 0.000546
clean_oven 5000 0.000800 9147 0.000547
hold_oven 5000 0.002200 9145 0.000547
inspect_oven 5000 0.012800 9148 0.001640
open_oven 5000 0.006000 9144 0.000875
repair_oven 5000 0.003400 9149 0.000656
operate_oven 5000 0.000200 9136 0.000547
no_interaction_oven 5000 0.009000 9155 0.001202
check_parking_meter 5000 0.005800 9152 0.000765
pay_parking_meter 5000 0.003600 9151 0.000546
repair_parking_meter 5000 0.000200 9154 0.000546
no_interaction_parking_meter 5000 0.019200 9155 0.002403
buy_pizza 5000 0.000200 9152 0.000546
carry_pizza 5000 0.009200 9148 0.002186
cook_pizza 5000 0.004800 9146 0.001312
cut_pizza 5000 0.008400 9149 0.001312
eat_pizza 5000 0.014800 9150 0.002404
hold_pizza 5000 0.022400 9134 0.003503
make_pizza 5000 0.006800 9140 0.000985
pick_up_pizza 5000 0.023800 9149 0.003716
slide_pizza 5000 0.000800 9151 0.000874
smell_pizza 5000 0.000200 9152 0.000546
no_interaction_pizza 5000 0.006200 9155 0.000655
clean_refrigerator 5000 0.000400 9155 0.000546
hold_refrigerator 5000 0.007400 9150 0.000984
move_refrigerator 5000 0.000800 9154 0.000546
open_refrigerator 5000 0.004400 9152 0.000546
no_interaction_refrigerator 5000 0.005000 9155 0.000546
hold_remote 5000 0.032400 9155 0.003932
point_remote 5000 0.020400 9150 0.003279
swing_remote 5000 0.001800 9140 0.000656
no_interaction_remote 5000 0.003400 9155 0.000655
carry_sandwich 5000 0.002800 9151 0.000656
cook_sandwich 5000 0.000200 9154 0.000546
cut_sandwich 5000 0.000600 9150 0.000546
eat_sandwich 5000 0.020600 9149 0.003170
hold_sandwich 5000 0.032400 9149 0.003826
make_sandwich 5000 0.003400 9151 0.000656
no_interaction_sandwich 5000 0.005200 9155 0.000546
cut_with_scissors 5000 0.025400 9152 0.003497
hold_scissors 5000 0.040800 9155 0.005243
open_scissors 5000 0.015000 9153 0.003168
no_interaction_scissors 5000 0.003600 9155 0.000983
clean_sink 5000 0.000400 9153 0.000656
repair_sink 5000 0.002000 9155 0.000546
wash_sink 5000 0.001600 9155 0.000655
no_interaction_sink 5000 0.010000 9155 0.001311
carry_skateboard 5000 0.017800 9115 0.004937
flip_skateboard 5000 0.083800 9013 0.019527
grind_skateboard 5000 0.048600 9090 0.010341
hold_skateboard 5000 0.058400 9134 0.011277
jump_skateboard 5000 0.178800 9052 0.032258
pick_up_skateboard 5000 0.009800 9062 0.002979
ride_skateboard 5000 0.291400 9025 0.042992
tilt_skateboard 5000 0.185800 9005 0.032315
no_interaction_skateboard 5000 0.007200 9155 0.001092
adjust_skis 5000 0.000800 9113 0.000658
carry_skis 5000 0.007200 9062 0.001104
hold_skis 5000 0.012200 9151 0.001858
inspect_skis 5000 0.003400 9153 0.000874
jump_skis 5000 0.018400 9149 0.005356
pick_up_skis 5000 0.006000 9144 0.000984
repair_skis 5000 0.001000 9154 0.000765
ride_skis 5000 0.084000 9140 0.014989
wear_skis 5000 0.116800 9146 0.016182
no_interaction_skis 5000 0.001600 9155 0.000546
adjust_snowboard 5000 0.001000 9069 0.000551
carry_snowboard 5000 0.005600 9126 0.001425
grind_snowboard 5000 0.009600 9148 0.002296
hold_snowboard 5000 0.026800 9148 0.004919
jump_snowboard 5000 0.052400 9150 0.008962
ride_snowboard 5000 0.095600 9146 0.013339
wear_snowboard 5000 0.106400 9146 0.013777
no_interaction_snowboard 5000 0.000600 9155 0.000765
hold_spoon 5000 0.043800 9146 0.005686
lick_spoon 5000 0.015200 9146 0.002624
wash_spoon 5000 0.000200 9150 0.000546
sip_spoon 5000 0.000200 9099 0.000550
no_interaction_spoon 5000 0.002000 9155 0.000546
block_sports_ball 5000 0.016800 9085 0.002862
carry_sports_ball 5000 0.030800 9119 0.004935
catch_sports_ball 5000 0.015600 9129 0.002629
dribble_sports_ball 5000 0.004800 9112 0.000549
hit_sports_ball 5000 0.038600 9108 0.004721
hold_sports_ball 5000 0.060000 9137 0.007333
inspect_sports_ball 5000 0.008600 9125 0.002301
kick_sports_ball 5000 0.034200 9143 0.005031
pick_up_sports_ball 5000 0.002200 9140 0.001094
serve_sports_ball 5000 0.005400 9099 0.001099
sign_sports_ball 5000 0.000200 9146 0.000547
spin_sports_ball 5000 0.000200 9145 0.000547
throw_sports_ball 5000 0.025400 9115 0.004169
no_interaction_sports_ball 5000 0.001600 9155 0.000546
hold_stop_sign 5000 0.003800 9148 0.000547
install_stop_sign 5000 0.000200 9149 0.000547
stand_under_stop_sign 5000 0.001600 9148 0.000547
stop_at_stop_sign 5000 0.000200 9148 0.000547
no_interaction_stop_sign 5000 0.004200 9155 0.000546
carry_suitcase 5000 0.036200 9146 0.005139
drag_suitcase 5000 0.020000 9148 0.003607
hold_suitcase 5000 0.036800 9140 0.005033
hug_suitcase 5000 0.000200 9155 0.000546
load_suitcase 5000 0.003800 9152 0.000874
open_suitcase 5000 0.001400 9151 0.000546
pack_suitcase 5000 0.005400 9151 0.000765
pick_up_suitcase 5000 0.006200 9144 0.001094
zip_suitcase 5000 0.000200 9153 0.000546
no_interaction_suitcase 5000 0.016600 9155 0.001857
carry_surfboard 5000 0.036400 9146 0.005030
drag_surfboard 5000 0.000800 9148 0.000656
hold_surfboard 5000 0.048800 9147 0.006013
inspect_surfboard 5000 0.002400 9145 0.000656
jump_surfboard 5000 0.000600 9140 0.000547
load_surfboard 5000 0.000200 9120 0.000548
push_surfboard 5000 0.010800 9133 0.002409
ride_surfboard 5000 0.038800 9143 0.004922
straddle_surfboard 5000 0.004800 9133 0.000876
wash_surfboard 5000 0.000200 9152 0.000546
no_interaction_surfboard 5000 0.009800 9155 0.001202
carry_teddy_bear 5000 0.006000 9122 0.001754
hold_teddy_bear 5000 0.037800 9155 0.005243
hug_teddy_bear 5000 0.009400 9151 0.002076
kiss_teddy_bear 5000 0.000600 9153 0.000546
no_interaction_teddy_bear 5000 0.004800 9155 0.000655
carry_tennis_racket 5000 0.028600 9140 0.004595
hold_tennis_racket 5000 0.037200 9149 0.005684
inspect_tennis_racket 5000 0.000200 9124 0.000548
swing_tennis_racket 5000 0.016600 9143 0.003172
no_interaction_tennis_racket 5000 0.002200 9155 0.000546
adjust_tie 5000 0.009800 9143 0.002187
cut_tie 5000 0.000200 9155 0.000546
hold_tie 5000 0.015200 9149 0.003060
inspect_tie 5000 0.006800 9140 0.002188
pull_tie 5000 0.005400 9138 0.001313
tie_tie 5000 0.004800 9139 0.001751
wear_tie 5000 0.106000 9153 0.013875
no_interaction_tie 5000 0.000800 9155 0.000546
hold_toaster 5000 0.000600 9152 0.000546
operate_toaster 5000 0.001200 9151 0.000546
repair_toaster 5000 0.000200 9153 0.000546
no_interaction_toaster 5000 0.000200 9155 0.000546
clean_toilet 5000 0.001200 9149 0.000547
flush_toilet 5000 0.000200 9152 0.000546
open_toilet 5000 0.000200 9155 0.000546
repair_toilet 5000 0.002800 9150 0.000656
sit_on_toilet 5000 0.010800 9152 0.001202
wash_toilet 5000 0.000800 9150 0.000656
no_interaction_toilet 5000 0.018400 9155 0.002075
brush_with_toothbrush 5000 0.039400 9150 0.006011
hold_toothbrush 5000 0.055800 9150 0.007322
wash_toothbrush 5000 0.000200 9154 0.000546
no_interaction_toothbrush 5000 0.002200 9155 0.000655
install_traffic_light 5000 0.002000 9155 0.000546
repair_traffic_light 5000 0.002600 9155 0.000546
stand_under_traffic_light 5000 0.004000 9154 0.000546
stop_at_traffic_light 5000 0.003200 9154 0.000546
no_interaction_traffic_light 5000 0.020400 9155 0.002622
direct_truck 5000 0.001200 9135 0.000985
drive_truck 5000 0.028200 9151 0.004699
inspect_truck 5000 0.012800 9149 0.001967
load_truck 5000 0.010400 9151 0.001530
repair_truck 5000 0.003600 9154 0.000765
ride_truck 5000 0.033800 9144 0.004921
sit_on_truck 5000 0.022400 9146 0.004483
wash_truck 5000 0.002400 9153 0.000656
no_interaction_truck 5000 0.006200 9155 0.000655
carry_umbrella 5000 0.138800 9127 0.021913
hold_umbrella 5000 0.200000 9147 0.024380
lose_umbrella 5000 0.000800 9153 0.000546
open_umbrella 5000 0.002800 9149 0.000765
repair_umbrella 5000 0.001800 9153 0.000546
set_umbrella 5000 0.025600 9104 0.005382
no_interaction_umbrella 5000 0.019800 9155 0.002512
hold_vase 5000 0.003000 9151 0.000546
make_vase 5000 0.003400 9150 0.000546
paint_vase 5000 0.000200 9154 0.000546
no_interaction_vase 5000 0.009600 9155 0.001092
fill_wine_glass 5000 0.004000 9145 0.000656
hold_wine_glass 5000 0.063400 9144 0.007546
sip_wine_glass 5000 0.009000 9143 0.001750
toast_wine_glass 5000 0.006000 9142 0.001750
lick_wine_glass 5000 0.000200 9077 0.000551
wash_wine_glass 5000 0.000200 9077 0.000551
no_interaction_wine_glass 5000 0.031600 9155 0.004042
feed_zebra 5000 0.001200 9155 0.000546
hold_zebra 5000 0.000400 9155 0.000655
pet_zebra 5000 0.000400 9155 0.000655
watch_zebra 5000 0.006000 9154 0.001092
no_interaction_zebra 5000 0.000400 9155 0.000546
